              precision    recall  f1-score   support

         B-A       0.21      1.00      0.34        31
         B-D       0.93      1.00      0.96        26
         B-N       1.00      0.97      0.98        33
         B-P       1.00      0.15      0.26        33
         I-A       0.90      0.91      0.90        76
         I-D       0.56      0.66      0.61       145
         I-N       0.66      0.31      0.42        62
         I-P       0.60      0.18      0.28       447

   micro avg       0.57      0.42      0.49       853
   macro avg       0.73      0.65      0.59       853
weighted avg       0.65      0.42      0.45       853
